{
 "cells": [
  {
   "cell_type": "code",
   "execution_count": 4,
   "metadata": {},
   "outputs": [],
   "source": [
    "#1.Import the numpy package under the name np\n",
    "import numpy as np"
   ]
  },
  {
   "cell_type": "code",
   "execution_count": 5,
   "metadata": {},
   "outputs": [
    {
     "name": "stdout",
     "output_type": "stream",
     "text": [
      "1.18.1\n",
      "blas_mkl_info:\n",
      "    libraries = ['mkl_rt']\n",
      "    library_dirs = ['C:/Users/hp/anaconda3/anaconda\\\\Library\\\\lib']\n",
      "    define_macros = [('SCIPY_MKL_H', None), ('HAVE_CBLAS', None)]\n",
      "    include_dirs = ['C:\\\\Program Files (x86)\\\\IntelSWTools\\\\compilers_and_libraries_2019.0.117\\\\windows\\\\mkl', 'C:\\\\Program Files (x86)\\\\IntelSWTools\\\\compilers_and_libraries_2019.0.117\\\\windows\\\\mkl\\\\include', 'C:\\\\Program Files (x86)\\\\IntelSWTools\\\\compilers_and_libraries_2019.0.117\\\\windows\\\\mkl\\\\lib', 'C:/Users/hp/anaconda3/anaconda\\\\Library\\\\include']\n",
      "blas_opt_info:\n",
      "    libraries = ['mkl_rt']\n",
      "    library_dirs = ['C:/Users/hp/anaconda3/anaconda\\\\Library\\\\lib']\n",
      "    define_macros = [('SCIPY_MKL_H', None), ('HAVE_CBLAS', None)]\n",
      "    include_dirs = ['C:\\\\Program Files (x86)\\\\IntelSWTools\\\\compilers_and_libraries_2019.0.117\\\\windows\\\\mkl', 'C:\\\\Program Files (x86)\\\\IntelSWTools\\\\compilers_and_libraries_2019.0.117\\\\windows\\\\mkl\\\\include', 'C:\\\\Program Files (x86)\\\\IntelSWTools\\\\compilers_and_libraries_2019.0.117\\\\windows\\\\mkl\\\\lib', 'C:/Users/hp/anaconda3/anaconda\\\\Library\\\\include']\n",
      "lapack_mkl_info:\n",
      "    libraries = ['mkl_rt']\n",
      "    library_dirs = ['C:/Users/hp/anaconda3/anaconda\\\\Library\\\\lib']\n",
      "    define_macros = [('SCIPY_MKL_H', None), ('HAVE_CBLAS', None)]\n",
      "    include_dirs = ['C:\\\\Program Files (x86)\\\\IntelSWTools\\\\compilers_and_libraries_2019.0.117\\\\windows\\\\mkl', 'C:\\\\Program Files (x86)\\\\IntelSWTools\\\\compilers_and_libraries_2019.0.117\\\\windows\\\\mkl\\\\include', 'C:\\\\Program Files (x86)\\\\IntelSWTools\\\\compilers_and_libraries_2019.0.117\\\\windows\\\\mkl\\\\lib', 'C:/Users/hp/anaconda3/anaconda\\\\Library\\\\include']\n",
      "lapack_opt_info:\n",
      "    libraries = ['mkl_rt']\n",
      "    library_dirs = ['C:/Users/hp/anaconda3/anaconda\\\\Library\\\\lib']\n",
      "    define_macros = [('SCIPY_MKL_H', None), ('HAVE_CBLAS', None)]\n",
      "    include_dirs = ['C:\\\\Program Files (x86)\\\\IntelSWTools\\\\compilers_and_libraries_2019.0.117\\\\windows\\\\mkl', 'C:\\\\Program Files (x86)\\\\IntelSWTools\\\\compilers_and_libraries_2019.0.117\\\\windows\\\\mkl\\\\include', 'C:\\\\Program Files (x86)\\\\IntelSWTools\\\\compilers_and_libraries_2019.0.117\\\\windows\\\\mkl\\\\lib', 'C:/Users/hp/anaconda3/anaconda\\\\Library\\\\include']\n",
      "None\n"
     ]
    }
   ],
   "source": [
    "#2. Print the numpy version and the configuration\n",
    "print(np.__version__)\n",
    "print(np.show_config())"
   ]
  },
  {
   "cell_type": "code",
   "execution_count": 6,
   "metadata": {},
   "outputs": [
    {
     "name": "stdout",
     "output_type": "stream",
     "text": [
      "[0. 0. 0. 0. 0. 0. 0. 0. 0. 0.]\n"
     ]
    }
   ],
   "source": [
    "#3. Create a null vector of size 10\n",
    "x = np.zeros(10)\n",
    "print(x)"
   ]
  },
  {
   "cell_type": "code",
   "execution_count": null,
   "metadata": {},
   "outputs": [],
   "source": []
  },
  {
   "cell_type": "code",
   "execution_count": 7,
   "metadata": {},
   "outputs": [],
   "source": [
    "#5. How to get the documentation of the numpy add function from the command line?\n",
    "import numpy;\n"
   ]
  },
  {
   "cell_type": "code",
   "execution_count": 8,
   "metadata": {},
   "outputs": [
    {
     "name": "stdout",
     "output_type": "stream",
     "text": [
      "[0. 0. 0. 0. 1. 0. 0. 0. 0. 0.]\n"
     ]
    }
   ],
   "source": [
    "#6. Create a null vector of size 10 but the fifth value which is 1 \n",
    "x=np.zeros(10)\n",
    "x[4]=1\n",
    "print(x)"
   ]
  },
  {
   "cell_type": "code",
   "execution_count": 9,
   "metadata": {},
   "outputs": [
    {
     "name": "stdout",
     "output_type": "stream",
     "text": [
      "[10 11 12 13 14 15 16 17 18 19 20 21 22 23 24 25 26 27 28 29 30 31 32 33\n",
      " 34 35 36 37 38 39 40 41 42 43 44 45 46 47 48]\n"
     ]
    }
   ],
   "source": [
    "#7. Create a vector with values ranging from 10 to 49\n",
    "x = np.arange(10,49)\n",
    "print(x)"
   ]
  },
  {
   "cell_type": "code",
   "execution_count": 13,
   "metadata": {},
   "outputs": [
    {
     "name": "stdout",
     "output_type": "stream",
     "text": [
      "[10  9  8  7  6  5  4  3  2  1  0]\n"
     ]
    }
   ],
   "source": [
    "#8. Reverse a vector (first element becomes last)\n",
    "x = np.arange(0,11)\n",
    "x = x[: :-1]\n",
    "print(x)"
   ]
  },
  {
   "cell_type": "code",
   "execution_count": 15,
   "metadata": {},
   "outputs": [
    {
     "name": "stdout",
     "output_type": "stream",
     "text": [
      "[[0 1 2]\n",
      " [3 4 5]\n",
      " [6 7 8]]\n"
     ]
    }
   ],
   "source": [
    "#9.Create a 3x3 matrix with values ranging from 0 to 8\n",
    "x = np.arange(0,9)\n",
    "arr1 = x.reshape(3,3)\n",
    "print(arr1)"
   ]
  },
  {
   "cell_type": "code",
   "execution_count": 22,
   "metadata": {},
   "outputs": [
    {
     "name": "stdout",
     "output_type": "stream",
     "text": [
      "(array([0, 1, 4], dtype=int64),)\n"
     ]
    }
   ],
   "source": [
    "#10. Find indices of non-zero elements from [1,2,0,0,4,0]\n",
    "x = np.nonzero([1,2,0,0,4,0])\n",
    "print(x)\n",
    "              \n"
   ]
  },
  {
   "cell_type": "code",
   "execution_count": 26,
   "metadata": {},
   "outputs": [
    {
     "name": "stdout",
     "output_type": "stream",
     "text": [
      "[[1. 0. 0.]\n",
      " [0. 1. 0.]\n",
      " [0. 0. 1.]]\n"
     ]
    }
   ],
   "source": [
    "#11.Create a 3x3 identity matrix\n",
    "x = np.eye(3)\n",
    "print(x)"
   ]
  },
  {
   "cell_type": "code",
   "execution_count": 31,
   "metadata": {},
   "outputs": [
    {
     "name": "stdout",
     "output_type": "stream",
     "text": [
      "[[[0.10802804 0.3287971  0.35457132]\n",
      "  [0.80175964 0.83398047 0.41007846]\n",
      "  [0.20253401 0.80108887 0.40638675]]\n",
      "\n",
      " [[0.34486395 0.24165861 0.92626826]\n",
      "  [0.72971773 0.47450164 0.91264577]\n",
      "  [0.86065628 0.23980216 0.98548935]]\n",
      "\n",
      " [[0.94379455 0.11998538 0.07987286]\n",
      "  [0.04010569 0.88997231 0.77682605]\n",
      "  [0.34760019 0.02518532 0.77818834]]]\n"
     ]
    }
   ],
   "source": [
    "#12.Create a 3x3x3 array with random values\n",
    "x = np.random.random((3,3,3))\n",
    "print(x)"
   ]
  },
  {
   "cell_type": "code",
   "execution_count": 33,
   "metadata": {},
   "outputs": [
    {
     "name": "stdout",
     "output_type": "stream",
     "text": [
      "0.0011145134188758066\n",
      "0.9894102843212736\n"
     ]
    }
   ],
   "source": [
    "#13. Create a 10x10 array with random values and find the minimum and maximum values \n",
    "x = np.random.random((10,10))\n",
    "min = x.min()\n",
    "max = x.max()\n",
    "print(min)\n",
    "print(max)"
   ]
  },
  {
   "cell_type": "code",
   "execution_count": 34,
   "metadata": {},
   "outputs": [
    {
     "name": "stdout",
     "output_type": "stream",
     "text": [
      "0.4530847041309869\n"
     ]
    }
   ],
   "source": [
    "#14.Create a random vector of size 30 and find the mean value\n",
    "x = np.random.random(30)\n",
    "m = x.mean()\n",
    "print(m)"
   ]
  },
  {
   "cell_type": "code",
   "execution_count": 39,
   "metadata": {},
   "outputs": [
    {
     "name": "stdout",
     "output_type": "stream",
     "text": [
      "[[1. 1. 1. 1. 1.]\n",
      " [1. 0. 0. 0. 1.]\n",
      " [1. 0. 0. 0. 1.]\n",
      " [1. 0. 0. 0. 1.]\n",
      " [1. 1. 1. 1. 1.]]\n"
     ]
    }
   ],
   "source": [
    "#15.Create a 2d array with 1 on the border and 0 inside\n",
    "x = np.ones((5,5))\n",
    "x[1:-1,1:-1]=0\n",
    "print(x)"
   ]
  },
  {
   "cell_type": "code",
   "execution_count": 40,
   "metadata": {},
   "outputs": [
    {
     "name": "stdout",
     "output_type": "stream",
     "text": [
      "[[1. 1. 1. 1. 1.]\n",
      " [1. 0. 0. 0. 1.]\n",
      " [1. 0. 0. 0. 1.]\n",
      " [1. 0. 0. 0. 1.]\n",
      " [1. 1. 1. 1. 1.]]\n"
     ]
    }
   ],
   "source": [
    "#16. How to add a border (filled with 0's) around an existing array?\n",
    "x = np.ones((5,5))\n",
    "x[1:-1,1:-1] = 0\n",
    "print(x)"
   ]
  },
  {
   "cell_type": "code",
   "execution_count": 41,
   "metadata": {},
   "outputs": [
    {
     "data": {
      "text/plain": [
       "False"
      ]
     },
     "execution_count": 41,
     "metadata": {},
     "output_type": "execute_result"
    }
   ],
   "source": [
    "#17. What is the result of the following expression? (★☆☆)\n",
    "0 * np.nan\n",
    "np.nan == np.nan\n",
    "np.inf > np.nan\n",
    "np.nan - np.nan\n",
    "0.3 == 3 * 0.1"
   ]
  },
  {
   "cell_type": "code",
   "execution_count": 43,
   "metadata": {},
   "outputs": [
    {
     "name": "stdout",
     "output_type": "stream",
     "text": [
      "[[0 0 0 0 0]\n",
      " [1 0 0 0 0]\n",
      " [0 2 0 0 0]\n",
      " [0 0 3 0 0]\n",
      " [0 0 0 4 0]]\n"
     ]
    }
   ],
   "source": [
    "#18.Create a 5x5 matrix with values 1,2,3,4 just below the diagonal\n",
    "\n",
    "x = np.diag(1+np.arange(4), k = -1)\n",
    "print (x)"
   ]
  },
  {
   "cell_type": "code",
   "execution_count": 51,
   "metadata": {},
   "outputs": [
    {
     "name": "stdout",
     "output_type": "stream",
     "text": [
      "[[0 1 0 1 0 1 0 1]\n",
      " [1 0 1 0 1 0 1 0]\n",
      " [0 1 0 1 0 1 0 1]\n",
      " [1 0 1 0 1 0 1 0]\n",
      " [0 1 0 1 0 1 0 1]\n",
      " [1 0 1 0 1 0 1 0]\n",
      " [0 1 0 1 0 1 0 1]\n",
      " [1 0 1 0 1 0 1 0]]\n"
     ]
    }
   ],
   "source": [
    "#19 .Create a 8x8 matrix and fill it with a checkerboard pattern \n",
    "x = np.zeros ((8,8), dtype=int)\n",
    "x[1::2, ::2]= 1\n",
    "x[::2, 1::2] = 1\n",
    "print (x)"
   ]
  },
  {
   "cell_type": "code",
   "execution_count": 52,
   "metadata": {},
   "outputs": [
    {
     "name": "stdout",
     "output_type": "stream",
     "text": [
      "(1, 5, 4)\n"
     ]
    }
   ],
   "source": [
    "#20. Consider a (6,7,8) shape array, what is the index (x,y,z) of the 100th element?\n",
    "print (np.unravel_index(100, (6,7,8)))"
   ]
  },
  {
   "cell_type": "code",
   "execution_count": 55,
   "metadata": {},
   "outputs": [
    {
     "name": "stdout",
     "output_type": "stream",
     "text": [
      "[[1 0 1 0 1 0 1 0]\n",
      " [0 1 0 1 0 1 0 1]\n",
      " [1 0 1 0 1 0 1 0]\n",
      " [0 1 0 1 0 1 0 1]\n",
      " [1 0 1 0 1 0 1 0]\n",
      " [0 1 0 1 0 1 0 1]\n",
      " [1 0 1 0 1 0 1 0]\n",
      " [0 1 0 1 0 1 0 1]]\n"
     ]
    }
   ],
   "source": [
    "#21.. Create a checkerboard 8x8 matrix using the tile function \n",
    "array = np.array([[1,0],[0,1]])\n",
    "y = np.tile(array,(4,4))\n",
    "print (y)\n"
   ]
  },
  {
   "cell_type": "code",
   "execution_count": 56,
   "metadata": {},
   "outputs": [
    {
     "name": "stdout",
     "output_type": "stream",
     "text": [
      "[[-2.22579388e+01 -1.82612279e-01 -1.78594742e+00 -1.23731616e+00\n",
      "  -7.36491917e+02]\n",
      " [-5.32489052e-01 -4.78130335e-01 -1.13679182e-01 -2.00664080e-01\n",
      "  -3.67533357e+00]\n",
      " [-0.00000000e+00 -8.48860993e-01 -4.98685749e+00             inf\n",
      "  -1.83784773e+02]\n",
      " [-2.59904411e+00 -8.32752838e-01 -1.22957451e+03 -1.15342996e+01\n",
      "  -1.78952152e+00]\n",
      " [-2.82039877e-03 -2.16332755e+00 -5.04151029e-01 -3.76822254e+00\n",
      "  -1.02934363e+00]]\n"
     ]
    },
    {
     "name": "stderr",
     "output_type": "stream",
     "text": [
      "C:\\Users\\hp\\anaconda3\\anaconda\\lib\\site-packages\\ipykernel_launcher.py:5: RuntimeWarning: divide by zero encountered in true_divide\n",
      "  \"\"\"\n"
     ]
    }
   ],
   "source": [
    "#22. Normalize a 5x5 random matrix \n",
    "x = np.random.random((5,5))\n",
    "max = x.max()\n",
    "min = x.min()\n",
    "mm = (x-min)/(x-max)\n",
    "print(mm)"
   ]
  },
  {
   "cell_type": "code",
   "execution_count": 57,
   "metadata": {},
   "outputs": [],
   "source": [
    "#23.Create a custom dtype that describes a color as four unsigned bytes\n"
   ]
  },
  {
   "cell_type": "code",
   "execution_count": 60,
   "metadata": {},
   "outputs": [
    {
     "name": "stdout",
     "output_type": "stream",
     "text": [
      "[[3. 3.]\n",
      " [3. 3.]\n",
      " [3. 3.]\n",
      " [3. 3.]\n",
      " [3. 3.]]\n"
     ]
    }
   ],
   "source": [
    "#24. Multiply a 5x3 matrix by a 3x2 matrix (real matrix product\n",
    "x = np.dot(np.ones((5,3)),np.ones((3,2)))\n",
    "print(x)"
   ]
  },
  {
   "cell_type": "code",
   "execution_count": 61,
   "metadata": {},
   "outputs": [],
   "source": [
    "#25 Given a 1D array, negate all elements which are between 3 and 8, in place\n"
   ]
  },
  {
   "cell_type": "code",
   "execution_count": 62,
   "metadata": {},
   "outputs": [
    {
     "name": "stdout",
     "output_type": "stream",
     "text": [
      "9\n",
      "10\n"
     ]
    }
   ],
   "source": [
    "#26What is the output of the following script? (★☆☆)\n",
    "# Author: Jake VanderPlas\n",
    "\n",
    "print(sum(range(5),-1))\n",
    "from numpy import *\n",
    "print(sum(range(5),-1))"
   ]
  },
  {
   "cell_type": "code",
   "execution_count": 65,
   "metadata": {},
   "outputs": [],
   "source": [
    "#27  Consider an integer vector Z, which of these expressions are legal? (★☆☆)\n"
   ]
  },
  {
   "cell_type": "code",
   "execution_count": 66,
   "metadata": {},
   "outputs": [
    {
     "name": "stderr",
     "output_type": "stream",
     "text": [
      "C:\\Users\\hp\\anaconda3\\anaconda\\lib\\site-packages\\ipykernel_launcher.py:2: RuntimeWarning: invalid value encountered in true_divide\n",
      "  \n",
      "C:\\Users\\hp\\anaconda3\\anaconda\\lib\\site-packages\\ipykernel_launcher.py:3: RuntimeWarning: divide by zero encountered in floor_divide\n",
      "  This is separate from the ipykernel package so we can avoid doing imports until\n"
     ]
    },
    {
     "data": {
      "text/plain": [
       "array([-2.14748365e+09])"
      ]
     },
     "execution_count": 66,
     "metadata": {},
     "output_type": "execute_result"
    }
   ],
   "source": [
    "#28. What are the result of the following expressions?\n",
    "np.array(0) / np.array(0)\n",
    "np.array(0) // np.array(0)\n",
    "np.array([np.nan]).astype(int).astype(float)"
   ]
  },
  {
   "cell_type": "code",
   "execution_count": 69,
   "metadata": {},
   "outputs": [
    {
     "data": {
      "text/plain": [
       "array([0., 5.])"
      ]
     },
     "execution_count": 69,
     "metadata": {},
     "output_type": "execute_result"
    }
   ],
   "source": [
    "#29 How to round away from zero a float array ?\n",
    "np.around([0.37,4.7])"
   ]
  },
  {
   "cell_type": "code",
   "execution_count": 73,
   "metadata": {},
   "outputs": [
    {
     "name": "stdout",
     "output_type": "stream",
     "text": [
      "[0 1 6]\n"
     ]
    }
   ],
   "source": [
    "#30 How to find common values between two arrays?\n",
    "arr1 = np.array([0,1,2,3,4,5,6])\n",
    "arr2 = np.array([0,1,6,8,9,10,11])\n",
    "print(np.intersect1d(arr1,arr2))"
   ]
  },
  {
   "cell_type": "code",
   "execution_count": 74,
   "metadata": {},
   "outputs": [],
   "source": [
    "#31 How to ignore all numpy warnings (not recommended)?"
   ]
  },
  {
   "cell_type": "code",
   "execution_count": 75,
   "metadata": {},
   "outputs": [
    {
     "name": "stderr",
     "output_type": "stream",
     "text": [
      "C:\\Users\\hp\\anaconda3\\anaconda\\lib\\site-packages\\ipykernel_launcher.py:2: RuntimeWarning: invalid value encountered in sqrt\n",
      "  \n"
     ]
    },
    {
     "data": {
      "text/plain": [
       "False"
      ]
     },
     "execution_count": 75,
     "metadata": {},
     "output_type": "execute_result"
    }
   ],
   "source": [
    "#32  Is the following expressions true? (★☆☆)\n",
    "np.sqrt(-1) == np.emath.sqrt(-1)"
   ]
  },
  {
   "cell_type": "code",
   "execution_count": 76,
   "metadata": {},
   "outputs": [],
   "source": [
    "#33  How to get the dates of yesterday, today and tomorrow? "
   ]
  },
  {
   "cell_type": "code",
   "execution_count": 77,
   "metadata": {},
   "outputs": [
    {
     "name": "stdout",
     "output_type": "stream",
     "text": [
      "July, 2016\n",
      "['2016-07-01' '2016-07-02' '2016-07-03' '2016-07-04' '2016-07-05'\n",
      " '2016-07-06' '2016-07-07' '2016-07-08' '2016-07-09' '2016-07-10'\n",
      " '2016-07-11' '2016-07-12' '2016-07-13' '2016-07-14' '2016-07-15'\n",
      " '2016-07-16' '2016-07-17' '2016-07-18' '2016-07-19' '2016-07-20'\n",
      " '2016-07-21' '2016-07-22' '2016-07-23' '2016-07-24' '2016-07-25'\n",
      " '2016-07-26' '2016-07-27' '2016-07-28' '2016-07-29' '2016-07-30'\n",
      " '2016-07-31']\n"
     ]
    }
   ],
   "source": [
    "#34 How to get all the dates corresponding to the month of July 2016? \n",
    "print(\"July, 2016\")\n",
    "print(np.arange('2016-07', '2016-08', dtype='datetime64[D]'))"
   ]
  },
  {
   "cell_type": "code",
   "execution_count": 78,
   "metadata": {},
   "outputs": [
    {
     "data": {
      "text/plain": [
       "array([-1.5, -1.5, -1.5])"
      ]
     },
     "execution_count": 78,
     "metadata": {},
     "output_type": "execute_result"
    }
   ],
   "source": [
    "#35 How to compute ((A+B)*(-A/2)) in place (without copy)?\n",
    "A = np.ones(3)*1\n",
    "B = np.ones(3)*2\n",
    "C = np.ones(3)*3\n",
    "np.add(A,B,out=B)\n",
    "np.divide(A,2,out=A)\n",
    "np.negative(A,out=A)\n",
    "np.multiply(A,B,out=A)"
   ]
  },
  {
   "cell_type": "code",
   "execution_count": 86,
   "metadata": {},
   "outputs": [
    {
     "name": "stdout",
     "output_type": "stream",
     "text": [
      "[7. 7. 4. 8. 6. 0. 6. 4. 3. 9.]\n",
      "[7. 7. 4. 8. 6. 0. 6. 4. 3. 9.]\n",
      "[ 8.  8.  5.  9.  7.  1.  7.  5.  4. 10.]\n",
      "[7 7 4 8 6 0 6 4 3 9]\n",
      "[7. 7. 4. 8. 6. 0. 6. 4. 3. 9.]\n"
     ]
    }
   ],
   "source": [
    "#36  Extract the integer part of a random array using 5 different methods\n",
    "x = np.random.uniform(0,10,10)\n",
    "print(x-x%1)\n",
    "print(np.floor(x))\n",
    "print(np.ceil(x))\n",
    "print(x.astype(int))\n",
    "print(np.trunc(x))"
   ]
  },
  {
   "cell_type": "code",
   "execution_count": 87,
   "metadata": {},
   "outputs": [
    {
     "name": "stdout",
     "output_type": "stream",
     "text": [
      "[[0. 1. 2. 3. 4.]\n",
      " [0. 1. 2. 3. 4.]\n",
      " [0. 1. 2. 3. 4.]\n",
      " [0. 1. 2. 3. 4.]\n",
      " [0. 1. 2. 3. 4.]]\n"
     ]
    }
   ],
   "source": [
    "#37  Create a 5x5 matrix with row values ranging from 0 to 4\n",
    "x = np.zeros((5,5))\n",
    "x += np.arange(5)\n",
    "print(x)"
   ]
  },
  {
   "cell_type": "code",
   "execution_count": 90,
   "metadata": {},
   "outputs": [
    {
     "name": "stdout",
     "output_type": "stream",
     "text": [
      "[0. 1. 2. 3. 4. 5. 6. 7. 8. 9.]\n"
     ]
    }
   ],
   "source": [
    "#38 Consider a generator function that generates 10 integers and use it to build an array \n",
    "def generate():\n",
    "    for x in range(10):\n",
    "        yield x\n",
    "Z = np.fromiter(generate(),dtype=float,count=-1)\n",
    "print(Z)"
   ]
  },
  {
   "cell_type": "code",
   "execution_count": 91,
   "metadata": {},
   "outputs": [
    {
     "name": "stdout",
     "output_type": "stream",
     "text": [
      "[0.09090909 0.18181818 0.27272727 0.36363636 0.45454545 0.54545455\n",
      " 0.63636364 0.72727273 0.81818182 0.90909091]\n"
     ]
    }
   ],
   "source": [
    "#39  Create a vector of size 10 with values ranging from 0 to 1, both excluded\n",
    "Z = np.linspace(0,1,11,endpoint=False)[1:]\n",
    "print(Z)"
   ]
  },
  {
   "cell_type": "code",
   "execution_count": 93,
   "metadata": {},
   "outputs": [
    {
     "name": "stdout",
     "output_type": "stream",
     "text": [
      "[0.05659385 0.09789702 0.33833035 0.3702781  0.43813418 0.44619077\n",
      " 0.82746787 0.84047081 0.91636599 0.92047773]\n"
     ]
    }
   ],
   "source": [
    "#40.Create a random vector of size 10 and sort it\n",
    "x = random.random(10)\n",
    "x.sort()\n",
    "print(x)"
   ]
  },
  {
   "cell_type": "code",
   "execution_count": 94,
   "metadata": {},
   "outputs": [
    {
     "data": {
      "text/plain": [
       "45"
      ]
     },
     "execution_count": 94,
     "metadata": {},
     "output_type": "execute_result"
    }
   ],
   "source": [
    " #41 How to sum a small array faster than np.sum?\n",
    "x = np.arange(10)\n",
    "np.add.reduce(x)"
   ]
  },
  {
   "cell_type": "code",
   "execution_count": 96,
   "metadata": {},
   "outputs": [
    {
     "ename": "TypeError",
     "evalue": "random() takes at most 1 positional argument (3 given)",
     "output_type": "error",
     "traceback": [
      "\u001b[1;31m---------------------------------------------------------------------------\u001b[0m",
      "\u001b[1;31mTypeError\u001b[0m                                 Traceback (most recent call last)",
      "\u001b[1;32m<ipython-input-96-e0d04f5b9dcd>\u001b[0m in \u001b[0;36m<module>\u001b[1;34m\u001b[0m\n\u001b[0;32m      1\u001b[0m \u001b[1;31m#42 Consider two random array A and B, check if they are equal\u001b[0m\u001b[1;33m\u001b[0m\u001b[1;33m\u001b[0m\u001b[1;33m\u001b[0m\u001b[0m\n\u001b[1;32m----> 2\u001b[1;33m \u001b[0marr1\u001b[0m \u001b[1;33m=\u001b[0m \u001b[0mnp\u001b[0m\u001b[1;33m.\u001b[0m\u001b[0mrandom\u001b[0m\u001b[1;33m.\u001b[0m\u001b[0mrandom\u001b[0m\u001b[1;33m(\u001b[0m\u001b[1;36m0\u001b[0m\u001b[1;33m,\u001b[0m\u001b[1;36m3\u001b[0m\u001b[1;33m,\u001b[0m\u001b[1;36m7\u001b[0m\u001b[1;33m)\u001b[0m\u001b[1;33m\u001b[0m\u001b[1;33m\u001b[0m\u001b[0m\n\u001b[0m\u001b[0;32m      3\u001b[0m \u001b[0marr2\u001b[0m \u001b[1;33m=\u001b[0m \u001b[0mnp\u001b[0m\u001b[1;33m.\u001b[0m\u001b[0mrandom\u001b[0m\u001b[1;33m.\u001b[0m\u001b[0mrandom\u001b[0m\u001b[1;33m(\u001b[0m\u001b[1;36m0\u001b[0m\u001b[1;33m,\u001b[0m\u001b[1;36m3\u001b[0m\u001b[1;33m,\u001b[0m\u001b[1;36m7\u001b[0m\u001b[1;33m)\u001b[0m\u001b[1;33m\u001b[0m\u001b[1;33m\u001b[0m\u001b[0m\n\u001b[0;32m      4\u001b[0m \u001b[0mequal\u001b[0m \u001b[1;33m=\u001b[0m \u001b[0mnp\u001b[0m\u001b[1;33m.\u001b[0m\u001b[0mallclose\u001b[0m\u001b[1;33m(\u001b[0m\u001b[0marr1\u001b[0m\u001b[1;33m,\u001b[0m\u001b[0marr2\u001b[0m\u001b[1;33m)\u001b[0m\u001b[1;33m\u001b[0m\u001b[1;33m\u001b[0m\u001b[0m\n\u001b[0;32m      5\u001b[0m \u001b[0mprint\u001b[0m\u001b[1;33m(\u001b[0m\u001b[0mequal\u001b[0m\u001b[1;33m)\u001b[0m\u001b[1;33m\u001b[0m\u001b[1;33m\u001b[0m\u001b[0m\n",
      "\u001b[1;32mmtrand.pyx\u001b[0m in \u001b[0;36mnumpy.random.mtrand.RandomState.random\u001b[1;34m()\u001b[0m\n",
      "\u001b[1;31mTypeError\u001b[0m: random() takes at most 1 positional argument (3 given)"
     ]
    }
   ],
   "source": [
    "#42 Consider two random array A and B, check if they are equal\n",
    "arr1 = np.random.random(0,3,7)\n",
    "arr2 = np.random.random(0,3,7)\n",
    "equal = np.allclose(arr1,arr2)\n",
    "print(equal)\n",
    "equal = np.array_array(arr1,arr2)\n",
    "print(equal)"
   ]
  },
  {
   "cell_type": "code",
   "execution_count": 100,
   "metadata": {},
   "outputs": [
    {
     "ename": "ValueError",
     "evalue": "assignment destination is read-only",
     "output_type": "error",
     "traceback": [
      "\u001b[1;31m---------------------------------------------------------------------------\u001b[0m",
      "\u001b[1;31mValueError\u001b[0m                                Traceback (most recent call last)",
      "\u001b[1;32m<ipython-input-100-d6e3af0cf8d9>\u001b[0m in \u001b[0;36m<module>\u001b[1;34m\u001b[0m\n\u001b[0;32m      2\u001b[0m \u001b[0mx\u001b[0m \u001b[1;33m=\u001b[0m \u001b[0mnp\u001b[0m\u001b[1;33m.\u001b[0m\u001b[0mzeros\u001b[0m\u001b[1;33m(\u001b[0m\u001b[1;36m10\u001b[0m\u001b[1;33m)\u001b[0m\u001b[1;33m\u001b[0m\u001b[1;33m\u001b[0m\u001b[0m\n\u001b[0;32m      3\u001b[0m \u001b[0mx\u001b[0m\u001b[1;33m.\u001b[0m\u001b[0mflags\u001b[0m\u001b[1;33m.\u001b[0m\u001b[0mwriteable\u001b[0m \u001b[1;33m=\u001b[0m \u001b[1;32mFalse\u001b[0m\u001b[1;33m\u001b[0m\u001b[1;33m\u001b[0m\u001b[0m\n\u001b[1;32m----> 4\u001b[1;33m \u001b[0mx\u001b[0m\u001b[1;33m[\u001b[0m\u001b[1;36m0\u001b[0m\u001b[1;33m]\u001b[0m \u001b[1;33m=\u001b[0m \u001b[1;36m1\u001b[0m\u001b[1;33m\u001b[0m\u001b[1;33m\u001b[0m\u001b[0m\n\u001b[0m",
      "\u001b[1;31mValueError\u001b[0m: assignment destination is read-only"
     ]
    }
   ],
   "source": [
    "#43 Make an array immutable (read-only) \n",
    "x = np.zeros(10)\n",
    "x.flags.writeable = False\n",
    "x[0] = 1"
   ]
  },
  {
   "cell_type": "code",
   "execution_count": 103,
   "metadata": {},
   "outputs": [],
   "source": [
    "#44 Consider a random 10x2 matrix representing cartesian coordinates, convert them to polar coordinates"
   ]
  },
  {
   "cell_type": "markdown",
   "metadata": {},
   "source": []
  },
  {
   "cell_type": "markdown",
   "metadata": {},
   "source": [
    "#### "
   ]
  },
  {
   "cell_type": "code",
   "execution_count": 107,
   "metadata": {},
   "outputs": [
    {
     "name": "stdout",
     "output_type": "stream",
     "text": [
      "[0.         0.37181961 0.88778327 0.42923615 0.8982144  0.85096431\n",
      " 0.87161809 0.04571395 0.27890008 0.55319031]\n"
     ]
    }
   ],
   "source": [
    "#45 Create random vector of size 10 and replace the maximum value by 0 \n",
    "x = np.random.random(10)\n",
    "x[x.argmax()] = 0\n",
    "print(x)\n"
   ]
  },
  {
   "cell_type": "code",
   "execution_count": 105,
   "metadata": {},
   "outputs": [],
   "source": [
    "#46  Create a structured array with x and y coordinates covering the [0,1]x[0,1] area\n"
   ]
  },
  {
   "cell_type": "code",
   "execution_count": 108,
   "metadata": {},
   "outputs": [
    {
     "name": "stdout",
     "output_type": "stream",
     "text": [
      "3638.1636371179666\n"
     ]
    }
   ],
   "source": [
    "#47  Given two arrays, X and Y, construct the Cauchy matrix C (Cij =1/(xi - yj))\n",
    "\n",
    "X = np.arange(8)\n",
    "Y = X + 0.5\n",
    "C = 1.0 / np.subtract.outer(X, Y)\n",
    "print(np.linalg.det(C)) "
   ]
  },
  {
   "cell_type": "code",
   "execution_count": 109,
   "metadata": {},
   "outputs": [
    {
     "name": "stdout",
     "output_type": "stream",
     "text": [
      "-128\n",
      "127\n",
      "-2147483648\n",
      "2147483647\n",
      "-9223372036854775808\n",
      "9223372036854775807\n",
      "-3.4028235e+38\n",
      "3.4028235e+38\n",
      "1.1920929e-07\n",
      "-1.7976931348623157e+308\n",
      "1.7976931348623157e+308\n",
      "2.220446049250313e-16\n"
     ]
    }
   ],
   "source": [
    "#48  Print the minimum and maximum representable value for each numpy scalar type\n",
    "for dtype in [np.int8, np.int32, np.int64]:\n",
    "   print(np.iinfo(dtype).min)\n",
    "   print(np.iinfo(dtype).max)\n",
    "for dtype in [np.float32, np.float64]:\n",
    "   print(np.finfo(dtype).min)\n",
    "   print(np.finfo(dtype).max)\n",
    "   print(np.finfo(dtype).eps)"
   ]
  },
  {
   "cell_type": "code",
   "execution_count": 110,
   "metadata": {},
   "outputs": [],
   "source": [
    "#49 How to print all the values of an array?\n"
   ]
  },
  {
   "cell_type": "code",
   "execution_count": 111,
   "metadata": {},
   "outputs": [
    {
     "name": "stdout",
     "output_type": "stream",
     "text": [
      "43\n"
     ]
    }
   ],
   "source": [
    "#50  How to find the closest value (to a given scalar) in a vector?\n",
    "x = np.arange(50)\n",
    "y = np.random.uniform(0,50)\n",
    "index = (np.abs(x-y)).argmin()\n",
    "print(index)"
   ]
  },
  {
   "cell_type": "code",
   "execution_count": 113,
   "metadata": {},
   "outputs": [
    {
     "name": "stdout",
     "output_type": "stream",
     "text": [
      "[((0., 0.), (0., 0., 0.)) ((0., 0.), (0., 0., 0.))\n",
      " ((0., 0.), (0., 0., 0.)) ((0., 0.), (0., 0., 0.))\n",
      " ((0., 0.), (0., 0., 0.)) ((0., 0.), (0., 0., 0.))\n",
      " ((0., 0.), (0., 0., 0.)) ((0., 0.), (0., 0., 0.))\n",
      " ((0., 0.), (0., 0., 0.)) ((0., 0.), (0., 0., 0.))]\n"
     ]
    },
    {
     "name": "stderr",
     "output_type": "stream",
     "text": [
      "C:\\Users\\hp\\anaconda3\\anaconda\\lib\\site-packages\\ipykernel_launcher.py:6: FutureWarning: Passing (type, 1) or '1type' as a synonym of type is deprecated; in a future version of numpy, it will be understood as (type, (1,)) / '(1,)type'.\n",
      "  \n"
     ]
    }
   ],
   "source": [
    "#51. Create a structured array representing a position (x,y) and a color (r,g,b) \n",
    "Z = np.zeros(10, [ ('position', [ ('x', float, 1),\n",
    "                                  ('y', float, 1)]),\n",
    "                   ('color',    [ ('r', float, 1),\n",
    "                                  ('g', float, 1),\n",
    "                                  ('b', float, 1)])])\n",
    "print(Z)"
   ]
  },
  {
   "cell_type": "code",
   "execution_count": 114,
   "metadata": {},
   "outputs": [
    {
     "name": "stdout",
     "output_type": "stream",
     "text": [
      "[[0.         0.71224027 0.41410682 0.80986416 0.5558894  0.94645742\n",
      "  0.32605544 0.55644384 0.33182791 0.19216975]\n",
      " [0.71224027 0.         0.71048317 0.387885   0.38095439 0.31996431\n",
      "  0.58512683 0.91869662 0.9500109  0.66209947]\n",
      " [0.41410682 0.71048317 0.         0.58884672 0.36326998 1.02045039\n",
      "  0.66389039 0.9622136  0.34791389 0.57490357]\n",
      " [0.80986416 0.387885   0.58884672 0.         0.25713416 0.66826087\n",
      "  0.8347451  1.19330021 0.91938918 0.8512629 ]\n",
      " [0.5558894  0.38095439 0.36326998 0.25713416 0.         0.70091502\n",
      "  0.62614211 0.98216434 0.67201502 0.6168309 ]\n",
      " [0.94645742 0.31996431 1.02045039 0.66826087 0.70091502 0.\n",
      "  0.72286438 0.98138612 1.22607478 0.84186848]\n",
      " [0.32605544 0.58512683 0.66389039 0.8347451  0.62614211 0.72286438\n",
      "  0.         0.35887165 0.6578363  0.14535905]\n",
      " [0.55644384 0.91869662 0.9622136  1.19330021 0.98216434 0.98138612\n",
      "  0.35887165 0.         0.8405315  0.39021608]\n",
      " [0.33182791 0.9500109  0.34791389 0.91938918 0.67201502 1.22607478\n",
      "  0.6578363  0.8405315  0.         0.52018469]\n",
      " [0.19216975 0.66209947 0.57490357 0.8512629  0.6168309  0.84186848\n",
      "  0.14535905 0.39021608 0.52018469 0.        ]]\n",
      "[[0.         0.96248456 0.85672596 0.59485382 0.87913081 0.95192024\n",
      "  0.74069593 0.92854682 0.86038845 0.1871294 ]\n",
      " [0.96248456 0.         0.68823966 0.43754917 0.15345688 0.33001769\n",
      "  0.53840763 0.21447201 0.10281786 0.78964304]\n",
      " [0.85672596 0.68823966 0.         0.78081602 0.76140113 0.38946336\n",
      "  1.00675305 0.48386469 0.63234267 0.79361617]\n",
      " [0.59485382 0.43754917 0.78081602 0.         0.31101664 0.60511801\n",
      "  0.23303325 0.51785424 0.35377554 0.40793543]\n",
      " [0.87913081 0.15345688 0.76140113 0.31101664 0.         0.44665924\n",
      "  0.38530185 0.33135804 0.1347219  0.69740381]\n",
      " [0.95192024 0.33001769 0.38946336 0.60511801 0.44665924 0.\n",
      "  0.78638467 0.1168493  0.31359862 0.81780468]\n",
      " [0.74069593 0.53840763 1.00675305 0.23303325 0.38530185 0.78638467\n",
      "  0.         0.68295007 0.48892946 0.56042678]\n",
      " [0.92854682 0.21447201 0.48386469 0.51785424 0.33135804 0.1168493\n",
      "  0.68295007 0.         0.20030204 0.77863993]\n",
      " [0.86038845 0.10281786 0.63234267 0.35377554 0.1347219  0.31359862\n",
      "  0.48892946 0.20030204 0.         0.68904705]\n",
      " [0.1871294  0.78964304 0.79361617 0.40793543 0.69740381 0.81780468\n",
      "  0.56042678 0.77863993 0.68904705 0.        ]]\n"
     ]
    }
   ],
   "source": [
    "#52 Consider a random vector with shape (100,2) representing coordinates, find point by point distances\n",
    "Z = np.random.random((10,2))\n",
    "X,Y = np.atleast_2d(Z[:,0], Z[:,1])\n",
    "D = np.sqrt( (X-X.T)**2 + (Y-Y.T)**2)\n",
    "print(D)\n",
    "\n",
    "# Much faster with scipy\n",
    "import scipy\n",
    "# Thanks Gavin Heverly-Coulson (#issue 1)\n",
    "import scipy.spatial\n",
    "\n",
    "Z = np.random.random((10,2))\n",
    "D = scipy.spatial.distance.cdist(Z,Z)\n",
    "print(D)"
   ]
  },
  {
   "cell_type": "code",
   "execution_count": 115,
   "metadata": {},
   "outputs": [
    {
     "name": "stdout",
     "output_type": "stream",
     "text": [
      "[0 1 2 3 4 5 6 7 8 9]\n"
     ]
    }
   ],
   "source": [
    "#53How to convert a float (32 bits) array into an integer (32 bits) in place?\n",
    "x = np.arange(10,dtype= np.float32)\n",
    "y = x.astype(np.int32 , copy = False)\n",
    "print(y)"
   ]
  },
  {
   "cell_type": "code",
   "execution_count": 116,
   "metadata": {},
   "outputs": [
    {
     "ename": "SyntaxError",
     "evalue": "invalid syntax (<ipython-input-116-2fab5acac6fc>, line 3)",
     "output_type": "error",
     "traceback": [
      "\u001b[1;36m  File \u001b[1;32m\"<ipython-input-116-2fab5acac6fc>\"\u001b[1;36m, line \u001b[1;32m3\u001b[0m\n\u001b[1;33m    6,  ,  , 7, 8\u001b[0m\n\u001b[1;37m        ^\u001b[0m\n\u001b[1;31mSyntaxError\u001b[0m\u001b[1;31m:\u001b[0m invalid syntax\n"
     ]
    }
   ],
   "source": [
    "#54 How to read the following file? \n",
    "1, 2, 3, 4, 5\n",
    "6,  ,  , 7, 8\n",
    " ,  , 9,10,11"
   ]
  },
  {
   "cell_type": "code",
   "execution_count": 118,
   "metadata": {},
   "outputs": [
    {
     "name": "stdout",
     "output_type": "stream",
     "text": [
      "(0, 0) 0\n",
      "(0, 1) 1\n",
      "(0, 2) 2\n",
      "(1, 0) 3\n",
      "(1, 1) 4\n",
      "(1, 2) 5\n",
      "(2, 0) 6\n",
      "(2, 1) 7\n",
      "(2, 2) 8\n",
      "(0, 0) 0\n",
      "(0, 1) 1\n",
      "(0, 2) 2\n",
      "(1, 0) 3\n",
      "(1, 1) 4\n",
      "(1, 2) 5\n",
      "(2, 0) 6\n",
      "(2, 1) 7\n",
      "(2, 2) 8\n"
     ]
    }
   ],
   "source": [
    "#55 What is the equivalent of enumerate for numpy arrays?\n",
    "x= np.arange(9).reshape(3,3)\n",
    "for index, value in np.ndenumerate(x):\n",
    "    print(index, value)\n",
    "for index in np.ndindex(x.shape):\n",
    "    print(index, x[index])"
   ]
  },
  {
   "cell_type": "code",
   "execution_count": 119,
   "metadata": {},
   "outputs": [
    {
     "name": "stdout",
     "output_type": "stream",
     "text": [
      "[[0.36787944 0.44822088 0.51979489 0.57375342 0.60279818 0.60279818\n",
      "  0.57375342 0.51979489 0.44822088 0.36787944]\n",
      " [0.44822088 0.54610814 0.63331324 0.69905581 0.73444367 0.73444367\n",
      "  0.69905581 0.63331324 0.54610814 0.44822088]\n",
      " [0.51979489 0.63331324 0.73444367 0.81068432 0.85172308 0.85172308\n",
      "  0.81068432 0.73444367 0.63331324 0.51979489]\n",
      " [0.57375342 0.69905581 0.81068432 0.89483932 0.9401382  0.9401382\n",
      "  0.89483932 0.81068432 0.69905581 0.57375342]\n",
      " [0.60279818 0.73444367 0.85172308 0.9401382  0.98773022 0.98773022\n",
      "  0.9401382  0.85172308 0.73444367 0.60279818]\n",
      " [0.60279818 0.73444367 0.85172308 0.9401382  0.98773022 0.98773022\n",
      "  0.9401382  0.85172308 0.73444367 0.60279818]\n",
      " [0.57375342 0.69905581 0.81068432 0.89483932 0.9401382  0.9401382\n",
      "  0.89483932 0.81068432 0.69905581 0.57375342]\n",
      " [0.51979489 0.63331324 0.73444367 0.81068432 0.85172308 0.85172308\n",
      "  0.81068432 0.73444367 0.63331324 0.51979489]\n",
      " [0.44822088 0.54610814 0.63331324 0.69905581 0.73444367 0.73444367\n",
      "  0.69905581 0.63331324 0.54610814 0.44822088]\n",
      " [0.36787944 0.44822088 0.51979489 0.57375342 0.60279818 0.60279818\n",
      "  0.57375342 0.51979489 0.44822088 0.36787944]]\n"
     ]
    }
   ],
   "source": [
    "#56 Generate a generic 2D Gaussian-like array \n",
    "X, Y = np.meshgrid(np.linspace(-1,1,10), np.linspace(-1,1,10))\n",
    "D = np.sqrt(X*X+Y*Y)\n",
    "sigma, mu = 1.0, 0.0\n",
    "G = np.exp(-( (D-mu)**2 / ( 2.0 * sigma**2 ) ) )\n",
    "print(G)"
   ]
  },
  {
   "cell_type": "code",
   "execution_count": 120,
   "metadata": {},
   "outputs": [
    {
     "name": "stdout",
     "output_type": "stream",
     "text": [
      "[[0. 0. 0. 0. 0. 0. 0. 0. 0. 0.]\n",
      " [0. 0. 0. 0. 0. 0. 0. 1. 0. 0.]\n",
      " [1. 0. 0. 0. 0. 0. 0. 0. 0. 0.]\n",
      " [0. 0. 0. 0. 0. 0. 0. 0. 0. 0.]\n",
      " [0. 0. 0. 0. 0. 0. 0. 0. 0. 0.]\n",
      " [0. 0. 0. 0. 0. 0. 0. 0. 0. 0.]\n",
      " [0. 0. 0. 0. 0. 0. 0. 0. 0. 0.]\n",
      " [0. 0. 0. 0. 0. 0. 0. 0. 0. 0.]\n",
      " [0. 0. 0. 0. 0. 0. 0. 1. 0. 0.]\n",
      " [0. 0. 0. 0. 0. 0. 0. 0. 0. 0.]]\n"
     ]
    }
   ],
   "source": [
    "#57How to randomly place p elements in a 2D array? \n",
    "n = 10\n",
    "p = 3\n",
    "Z = np.zeros((n,n))\n",
    "np.put(Z, np.random.choice(range(n*n), p, replace=False),1)\n",
    "print(Z)"
   ]
  },
  {
   "cell_type": "code",
   "execution_count": 121,
   "metadata": {},
   "outputs": [
    {
     "name": "stdout",
     "output_type": "stream",
     "text": [
      "[[ 0.26329456  0.06369083  0.13655315 -0.34809286 -0.24858602  0.1657147\n",
      "  -0.26142142  0.38005503  0.16273962 -0.31394759]\n",
      " [ 0.40485623 -0.48928908 -0.28743789 -0.24158963  0.24280604  0.22282487\n",
      "   0.38827017 -0.04481965  0.05038613 -0.24600719]\n",
      " [ 0.35067821 -0.28263858 -0.24712402  0.07670718  0.24606823  0.07577598\n",
      "   0.04149104 -0.26328241 -0.36882528  0.37114967]\n",
      " [-0.08047351 -0.06103734 -0.3073865   0.24932235 -0.13009258 -0.33885373\n",
      "   0.35555402 -0.24939899  0.22865481  0.33371147]\n",
      " [ 0.37129335  0.27896428 -0.27892865 -0.04872717  0.20228294 -0.41727648\n",
      "  -0.01511559 -0.20323968  0.34804458 -0.23729759]]\n"
     ]
    }
   ],
   "source": [
    "#58 Subtract the mean of each row of a matrix \n",
    "x = np.random.rand(5,10)\n",
    "y = x-x.mean(axis = 1).reshape(-1,1)\n",
    "print(y)"
   ]
  },
  {
   "cell_type": "code",
   "execution_count": 124,
   "metadata": {},
   "outputs": [
    {
     "name": "stdout",
     "output_type": "stream",
     "text": [
      "[[2 2 3]\n",
      " [4 5 7]\n",
      " [0 4 3]]\n",
      "[[2 2 3]\n",
      " [0 4 3]\n",
      " [4 5 7]]\n"
     ]
    }
   ],
   "source": [
    "#59 How to sort an array by the nth column? \n",
    "x = np.random.randint(0,10,(3,3))\n",
    "print(x)\n",
    "print(x[x[:,1].argsort()])\n"
   ]
  },
  {
   "cell_type": "code",
   "execution_count": 126,
   "metadata": {},
   "outputs": [
    {
     "name": "stdout",
     "output_type": "stream",
     "text": [
      "False\n"
     ]
    }
   ],
   "source": [
    "#60  How to tell if a given 2D array has null columns? \n",
    "x = np.random.uniform(0,3,(3,10))\n",
    "print((~x.any(axis=0)).any())"
   ]
  },
  {
   "cell_type": "code",
   "execution_count": 127,
   "metadata": {},
   "outputs": [
    {
     "name": "stdout",
     "output_type": "stream",
     "text": [
      "0.4245835351857511\n"
     ]
    }
   ],
   "source": [
    "#61  Find the nearest value from a given value in an array\n",
    "Z = np.random.uniform(0,1,10)\n",
